#ID               Station ID
#LAT              Latitude (NAD27, decimal degrees)
#LONG             Longitude (NAD27, decimal degrees)
#UTM10x_NAD83     Easting (NAD83 Zone 10N, meters)
#UTM10y_NAD83     Northing (NAD83 Zone 10N, meters)
#ELEV_m           Elevation (NGVD29, meters)
#CBA              Complete Bouger Anomaly (mGal)
#ISO              Isostatic Anomaly (mGal)
#OG               Observed Gravity (mGal)
#FTC              Field Terrain Correction (calculated out to 68m from station, mGal)
#TTC              Total Terrain Correction (calculated from 68m to 166.7km from station, mGal)

ID,LAT,LONG,UTM10x_NAD83,UTM10y_NAD83,ELEV_M,CBA,ISO,OG,FTC,TTC
19GY2530,39.03777483,-122.93924200,505164.676,4320956.131,423.730,-23.449,10.301,979976.201,0.020,1.110
19GY2500,39.06514617,-122.72186183,523969.249,4324028.584,809.560,-39.467,-2.247,979883.455,0.060,4.800
19GY2501,39.06949467,-122.74473583,521988.952,4324505.335,976.930,-39.479,-2.179,979848.357,0.040,7.510
19GY2502,39.08704183,-122.74956550,521565.774,4326451.397,983.230,-40.926,-2.846,979848.819,0.030,5.920
19GY2503,39.08666367,-122.73842100,522529.763,4326412.148,985.040,-40.707,-2.647,979848.340,0.050,6.230
19GY2504,39.01613667,-122.48938767,544112.316,4318677.203,450.310,-41.276,-8.926,979948.694,0.030,3.680
19GY2505,38.99885083,-122.55571183,538379.656,4316728.871,311.530,-46.485,-13.105,979970.891,0.010,1.870
19GY2506,38.94798900,-122.60253250,534349.796,4311066.031,483.150,-36.719,-4.479,979943.564,0.010,0.920
19GY2507,38.99960183,-122.75079433,521486.080,4316747.870,429.070,-40.060,-5.370,979953.170,0.040,3.110
19GY2508,39.00460883,-122.77281683,519577.659,4317298.504,598.140,-41.072,-6.412,979917.864,0.080,4.790
19GY2509,39.00259700,-122.79614417,517558.275,4317070.471,403.590,-37.553,-3.023,979959.842,0.040,4.190
19GY2510,38.96307200,-122.74378100,522104.801,4312695.876,602.850,-43.964,-10.864,979911.057,0.090,4.110
19GY2511,38.94942317,-122.74824567,521722.170,4311180.207,552.410,-46.506,-13.966,979919.242,0.040,2.040
19GY2512,38.95371667,-122.76268183,520469.950,4311653.294,638.690,-49.091,-16.511,979898.923,0.060,3.280
19GY2513,38.96999900,-122.79117583,517996.784,4313454.077,832.800,-50.230,-17.340,979857.736,0.120,6.790
19GY2514,38.97008383,-122.80785517,516551.819,4313460.311,567.050,-46.207,-13.317,979918.045,0.010,2.500
19GY2515,38.94130417,-122.81830633,515652.795,4310264.820,504.150,-44.334,-12.754,979930.772,0.000,1.400
19GY2516,38.90890783,-122.79311867,517843.859,4306674.520,729.070,-49.521,-19.181,979877.371,0.070,2.760
19GY2517,38.87975017,-122.76654767,520155.981,4303444.533,877.460,-51.801,-22.561,979843.285,0.010,2.950
19GY2518,38.87087983,-122.74795000,521771.874,4302464.508,878.530,-52.699,-23.689,979841.224,0.020,3.120
19GY2519,38.86822983,-122.72869267,523443.350,4302175.234,942.610,-54.271,-25.271,979826.104,0.030,3.890
19GY2520,38.85436900,-122.77049233,519820.898,4300627.199,692.760,-44.834,-16.684,979884.601,0.000,2.500
19GY2521,38.85369550,-122.78012367,518985.351,4300550.407,713.620,-44.005,-16.015,979880.990,0.040,2.800
19GY2522,38.87996833,-122.78035217,518958.511,4303465.770,876.960,-50.940,-21.850,979843.584,0.100,3.630
19GY2523,38.90848800,-122.77151433,519717.184,4306632.402,692.450,-52.058,-21.498,979882.571,0.020,2.150
19GY2524,38.90681283,-122.77810083,519146.549,4306445.103,742.890,-51.500,-21.100,979873.143,0.020,2.120
19GY2525,38.87209183,-122.72211967,524012.285,4302605.504,833.760,-53.888,-24.608,979848.655,0.020,3.370
19GY2526,38.90430467,-122.75292183,521330.518,4306172.390,718.860,-54.511,-23.991,979874.001,0.010,2.730
19GY2527,39.02612783,-122.91468117,507291.582,4319665.373,406.510,-30.437,3.333,979971.869,0.000,0.790
19GY2528,39.02601283,-122.93274883,505727.613,4319651.300,444.210,-22.604,10.746,979972.062,0.000,1.050
19GY2529,39.05147033,-122.94140683,504976.335,4322475.798,463.900,-23.872,10.448,979969.318,0.010,0.930
19GY2531,39.04056833,-122.92692233,506230.671,4321266.910,418.950,-26.350,7.820,979974.722,0.020,0.870
19GY2532,39.04006817,-122.96732767,502733.823,4321209.375,451.500,-27.998,5.192,979965.797,0.060,1.740
19GY2533,39.04735333,-122.98705183,501026.674,4322017.381,574.400,-29.582,3.368,979939.288,0.120,3.280
19GY2534,39.03404967,-122.99603650,500249.237,4320541.002,750.630,-29.075,2.925,979903.296,0.080,4.130
19GY2535,39.02212600,-122.99579317,500270.359,4319217.837,632.370,-28.808,2.722,979926.192,0.180,3.580
19GY2536,39.04646667,-123.00335283,499616.040,4321918.914,847.920,-29.479,2.811,979883.492,0.040,5.590
19GY2537,39.03711633,-123.01309267,498773.029,4320881.383,888.970,-28.653,2.947,979874.757,0.070,6.290
19GY2538,39.04948000,-123.02373067,497852.680,4322253.566,914.730,-28.901,2.949,979871.920,0.060,4.930
19GY2539,39.04878317,-123.04231667,496244.326,4322176.822,895.250,-27.779,3.521,979877.404,0.050,4.320
19GY2540,39.05293650,-123.05456467,495184.726,4322638.282,1036.530,-28.005,3.035,979846.286,0.040,7.920
19GY2541,39.05287133,-123.07164250,493706.982,4322632.076,997.490,-27.602,2.948,979854.117,0.080,8.130
19GY2542,39.05267133,-123.08600217,492464.423,4322610.959,762.890,-27.608,2.632,979902.871,0.060,5.270
19GY2543,39.06738017,-123.07811400,493148.388,4324242.588,886.720,-29.064,1.976,979879.064,0.050,4.690
19GY2544,39.06943850,-123.09205183,491942.830,4324472.130,986.580,-27.746,2.874,979856.706,0.030,9.000
19GY2545,39.08329067,-123.08948533,492166.370,4326009.093,861.090,-29.766,1.604,979884.316,0.100,5.160
19GY2546,39.09890617,-123.08372067,492666.567,4327741.484,722.220,-30.959,1.361,979914.240,0.020,2.600
19GY2547,39.12766517,-123.12836267,488810.726,4330937.417,328.050,-32.540,-0.320,979989.237,0.080,5.640
19GY2548,39.11241317,-123.10632333,490713.789,4329242.417,526.970,-30.698,1.542,979950.844,0.070,5.640
19GY2549,39.10565817,-123.06444283,494334.120,4328489.402,767.730,-31.964,1.236,979904.829,0.020,2.700
19GY2550,39.16106917,-122.89699833,508805.275,4334641.531,409.080,-44.671,-4.041,979967.997,0.020,1.870
19GY2551,39.15080050,-122.90138817,508427.242,4333501.573,403.260,-44.701,-4.681,979968.575,0.000,1.490
19GY2552,39.15681567,-122.92408900,506465.102,4334167.203,406.870,-44.767,-4.937,979968.276,0.030,1.550
19GY2553,39.14343183,-122.91415933,507324.458,4332682.735,416.990,-43.473,-4.093,979966.597,0.040,1.360
19GY2554,39.12971817,-122.90662133,507977.451,4331161.549,412.670,-41.201,-2.361,979968.559,0.030,1.300
19GY2555,39.09721533,-122.91308617,507422.108,4327554.109,452.400,-35.235,1.855,979964.141,0.030,1.040
19GY2556,39.07171767,-122.91372283,507369.739,4324724.561,405.090,-30.580,5.310,979975.987,0.010,0.840
19GY2557,39.11501233,-122.94333667,504804.947,4329526.997,473.960,-34.168,3.092,979962.319,0.040,1.290
19GY2558,39.10761717,-122.95472800,503820.532,4328705.794,430.160,-30.390,6.280,979973.565,0.040,1.730
19GY2559,39.09585167,-122.96026433,503342.416,4327399.939,428.990,-26.598,9.362,979977.054,0.040,1.220
19GY2560,39.08531967,-122.96334433,503076.538,4326231.081,429.700,-23.835,11.555,979978.455,0.030,1.510
19GY2561,39.06727083,-122.96703417,502758.130,4324228.068,467.790,-22.829,11.591,979970.358,0.060,1.570
19GY2562,39.06336900,-122.97709383,501887.956,4323794.813,541.280,-27.458,6.492,979951.116,0.050,1.470
19GY2563,39.07757117,-122.95901283,503451.557,4325371.385,431.450,-22.794,12.336,979978.769,0.020,1.210
19GY2564,39.14173133,-123.00194800,499737.837,4332490.521,416.760,-32.336,4.684,979973.299,0.070,5.690
19GY2565,39.17520733,-123.01706767,498431.877,4336205.564,420.780,-38.234,-0.064,979969.390,0.020,5.880
19GY2566,39.18595600,-123.02670233,497599.984,4337398.573,419.500,-39.887,-1.497,979969.608,0.020,5.210
19GY2567,39.20752317,-123.06089133,494648.788,4339793.372,323.680,-39.333,-1.043,979988.910,0.040,7.100
19GY2568,39.16945067,-123.00558133,499424.030,4335566.609,415.920,-38.758,-0.518,979970.495,0.000,4.690
19GY2569,39.19116133,-122.99280183,500527.825,4337975.908,510.200,-43.564,-3.904,979950.641,0.100,3.230
19GY2570,39.20584033,-122.98559367,501150.067,4339604.955,441.060,-43.886,-3.226,979964.406,0.060,3.960
19GY2571,39.18626633,-122.95555467,503744.782,4337433.613,414.430,-44.786,-4.246,979968.558,0.020,2.380
19GY2572,39.17068100,-122.93477533,505540.668,4335705.153,411.470,-45.321,-5.051,979967.561,0.020,2.040
19GY2573,39.17651967,-122.91043283,507642.874,4336354.879,414.810,-46.142,-5.012,979966.555,0.010,2.090
19GY2574,39.19197867,-122.90709133,507929.751,4338070.697,423.440,-45.547,-3.567,979965.612,0.060,3.310
19GY2575,39.19719550,-122.89603000,508884.340,4338650.661,424.080,-44.400,-1.910,979965.226,0.020,5.180
19GY2576,39.17133300,-122.88956183,509446.383,4335781.289,416.470,-44.512,-3.232,979967.191,0.010,2.300
19GY2577,39.06158200,-123.02919217,497380.506,4323596.665,766.550,-29.710,2.600,979903.492,0.030,2.620
19GY2578,39.07504583,-123.02413900,497818.099,4325090.624,778.750,-30.543,2.517,979900.464,0.120,3.620
19GY2579,39.13347667,-122.88751367,509628.521,4331580.508,402.050,-43.876,-4.466,979968.143,0.000,1.450
19GY2580,39.14176700,-122.86021133,511986.881,4332503.781,518.320,-37.839,2.351,979949.744,0.050,3.890
19GY2581,39.15696917,-122.87041250,511102.875,4334189.489,639.320,-40.556,0.144,979923.821,0.130,4.780
19GY2582,39.15094733,-122.86317283,511729.409,4333522.151,779.920,-39.398,1.002,979891.509,0.140,10.210
19GY2583,39.14879217,-122.87444583,510755.640,4333281.580,504.220,-41.770,-1.420,979950.102,0.100,2.980
19GY2584,39.21847433,-122.93439533,505569.657,4341008.942,441.650,-46.371,-3.651,979962.245,0.020,4.640
19GY2585,39.22227933,-122.96009283,503351.076,4341429.904,854.030,-46.066,-4.156,979880.827,0.090,6.040
19GY2586,39.20782717,-122.94707667,504475.602,4339826.676,771.910,-46.282,-4.692,979895.651,0.040,5.790
19GY2587,39.23694833,-122.94422667,504719.682,4343058.499,446.540,-45.784,-2.354,979962.523,0.010,5.630
19GY2588,39.17345483,-122.87339733,510842.425,4336018.578,429.750,-43.847,-2.197,979964.537,0.000,3.210
19GY2589,39.15989433,-122.86462767,511602.215,4334514.831,436.920,-41.124,-0.024,979962.958,0.020,4.910
19GY2590,39.08655167,-122.90130667,508442.033,4326371.793,406.010,-34.379,2.471,979973.072,0.010,1.090
19GY2591,39.07022617,-122.78142933,518814.419,4324578.238,405.780,-37.741,-0.121,979966.249,0.030,3.150
19GY2592,39.02766483,-122.66306817,529071.190,4319886.469,409.690,-38.651,-2.941,979961.829,0.020,2.130
19GY2593,39.01915283,-122.67042783,528437.553,4318939.559,404.430,-37.604,-2.184,979964.011,0.020,1.270
19GY2594,39.03821167,-122.74442767,522025.368,4321033.922,415.000,-36.848,-0.498,979962.008,0.040,3.650
19GY2595,39.12090983,-122.77518933,519340.316,4330203.979,1080.970,-43.085,-3.595,979828.370,0.080,8.070
19GY2596,39.10405417,-122.75953833,520698.246,4328336.947,962.810,-41.928,-3.088,979853.541,0.050,5.700
19GY2597,39.13447867,-122.77565267,519296.541,4331709.639,1193.610,-43.643,-3.593,979807.070,0.030,7.950
19GY2598,39.15136767,-122.77087100,519705.090,4333584.878,1326.510,-43.995,-3.245,979778.873,0.030,11.250
19GY2599,39.16306300,-122.78261217,518687.432,4334880.241,1269.130,-44.902,-3.582,979792.906,0.030,8.590
19GY2600,39.14275400,-122.75072017,521448.940,4332633.590,1070.970,-42.902,-2.362,979832.836,0.120,7.680
19GY2601,39.17711867,-122.72781883,523416.635,4336452.809,643.700,-47.450,-5.080,979917.834,0.000,4.800
19GY2602,39.18564067,-122.71151117,524822.251,4337402.874,632.710,-46.720,-4.130,979921.669,0.010,4.600
19GY2603,39.20059283,-122.72720717,523461.632,4339057.967,668.850,-49.462,-6.062,979912.692,0.060,5.090
19GY2604,39.20975650,-122.74421483,521990.163,4340070.608,809.640,-49.162,-5.332,979887.498,0.040,3.850
19GY2605,39.23041383,-122.77723533,519133.600,4342355.499,763.150,-52.584,-7.614,979894.964,0.020,3.890
19GY2606,39.22132367,-122.76350917,520320.976,4341349.733,712.260,-50.937,-6.397,979905.642,0.060,4.010
19GY2607,39.17551850,-122.69416517,526324.173,4336284.496,636.030,-47.154,-5.214,979919.889,0.040,4.400
19GY2608,39.16692483,-122.67976067,527571.802,4335335.127,611.130,-47.438,-6.068,979921.404,0.050,6.710
19GY2609,39.16023283,-122.66343133,528985.259,4334597.604,568.240,-48.274,-7.404,979926.123,0.090,8.950
19GY2610,39.16517133,-122.62684083,532144.383,4335158.008,485.920,-49.443,-9.093,979943.838,0.080,6.600
19GY2611,39.15798450,-122.59357217,535022.132,4334372.815,455.790,-51.366,-12.126,979947.778,0.030,5.990
19GY2612,39.16850317,-122.53264883,540280.005,4335565.450,457.060,-54.410,-16.880,979948.637,0.050,2.770
19GY2613,39.16586967,-122.49481833,543549.774,4335290.720,588.410,-53.151,-17.231,979924.330,0.050,2.420
19GY2614,39.14453733,-122.47473450,545298.567,4332933.259,722.940,-53.301,-18.691,979895.187,0.040,3.210
19GY2615,39.11730983,-122.49667967,543418.851,4329901.007,979.140,-47.950,-13.270,979842.926,0.070,8.270
19GY2616,39.00676083,-122.60571267,534045.978,4317586.701,492.760,-36.095,-1.805,979946.957,0.030,1.470
19GY2617,39.00046717,-122.64916417,530286.364,4316872.897,629.910,-38.453,-4.033,979914.332,0.050,4.360
19GY2618,38.99218700,-122.63254317,531729.351,4315959.728,460.440,-31.160,2.950,979956.441,0.050,1.950
19GY2619,38.99080700,-122.60959083,533717.774,4315814.862,470.410,-37.871,-4.061,979948.709,0.030,0.900
19GY2620,38.88526800,-122.46748383,546093.500,4304165.677,728.950,-35.017,-6.667,979890.249,0.020,2.320
19GY2621,38.88693133,-122.49905850,543353.871,4304334.748,624.450,-35.031,-6.101,979910.533,0.050,2.610
19GY2622,38.91046083,-122.62194117,532685.147,4306894.438,429.280,-36.408,-5.318,979951.058,0.020,0.950
19GY2623,38.91075267,-122.61079183,533651.697,4306930.889,415.700,-36.148,-5.108,979953.989,0.020,0.960
19GY2624,38.92499483,-122.59530267,534987.646,4308517.159,421.210,-37.502,-6.082,979952.967,0.010,0.810
19GY4001,38.98518317,-122.67533433,528026.235,4315168.434,411.270,-33.512,0.638,979963.442,0.050,1.590
19GY4002,38.99900367,-122.67185800,528321.802,4316703.166,405.320,-37.567,-2.887,979961.362,0.030,2.000
19GY4003,39.01002250,-122.64857567,530333.232,4317933.446,434.440,-38.559,-3.659,979955.973,0.030,1.680
19GY4004,39.02076783,-122.64783567,530392.689,4319126.102,411.860,-39.464,-4.164,979960.312,0.000,1.800
19GY4005,39.01298267,-122.62911483,532016.858,4318268.621,482.750,-39.086,-4.286,979946.483,0.000,1.460
19GY4006,39.02618983,-122.63396283,531591.229,4319732.521,629.610,-39.560,-4.330,979917.330,0.070,2.590
19GY4007,39.01784800,-122.59800117,534708.255,4318819.964,492.020,-39.388,-4.838,979944.219,0.020,2.040
19GY4008,39.04097050,-122.58490467,535830.350,4321390.965,465.120,-47.647,-12.507,979944.065,0.000,1.240
19GY4009,39.05476417,-122.59199733,535209.652,4322918.881,342.120,-45.531,-9.731,979970.053,0.020,2.630
19GY4010,39.04297217,-122.57508517,536679.138,4321617.016,335.140,-48.467,-13.367,979966.528,0.200,3.540
19GY4011,39.07644000,-122.58181083,536080.003,4325328.274,375.220,-46.027,-9.737,979964.467,0.020,3.170
19GY4012,39.08409017,-122.60432983,534128.383,4326168.502,376.510,-44.187,-7.167,979966.002,0.030,3.900
19GY4013,39.09248383,-122.57851233,536357.071,4327109.998,665.810,-46.993,-10.423,979908.593,0.030,2.680
19GY4014,38.86490400,-122.65855750,529529.294,4301826.594,686.770,-41.807,-12.547,979889.971,0.040,2.260
19GY4015,38.87084600,-122.64804967,530438.401,4302489.422,697.630,-41.204,-11.714,979888.955,0.030,2.280
19GY4016,38.88198633,-122.64321000,530853.419,4303727.263,621.960,-39.710,-9.730,979906.644,0.050,1.870
19GY4017,38.89189517,-122.63805200,531296.454,4304828.583,523.500,-38.014,-7.604,979928.551,0.050,1.790
19GY4018,38.90318050,-122.63808033,531289.029,4306080.880,441.170,-36.228,-5.328,979947.481,0.020,1.740
19GY4019,38.89453167,-122.65565283,529768.898,4305115.242,486.220,-38.595,-8.015,979934.732,0.050,2.550
19GY4020,38.88906133,-122.66437067,529015.094,4304505.395,514.590,-39.433,-9.063,979927.413,0.040,3.000
19GY4021,38.85614350,-122.67196167,528369.855,4300850.206,659.090,-43.079,-14.179,979892.960,0.050,2.640
19GY4022,38.85088133,-122.68680767,527083.677,4300261.758,581.510,-44.217,-15.517,979904.320,0.150,4.850
19GY4023,38.84866817,-122.66473867,528999.637,4300022.969,470.810,-40.700,-11.980,979928.867,0.150,5.270
19GY4024,38.84063633,-122.65390417,529943.217,4299135.210,430.380,-39.544,-11.134,979936.567,0.060,5.920
19GY4025,38.83233467,-122.64576433,530653.232,4298216.712,395.030,-37.185,-9.115,979945.742,0.040,5.280
19GY4026,38.82252950,-122.62802017,532197.828,4297134.788,355.980,-34.096,-6.416,979957.587,0.060,3.290
19GY4027,38.81382767,-122.61930883,532958.086,4296172.294,328.560,-32.225,-4.925,979964.399,0.030,2.940
19GY4028,38.79721050,-122.61384067,533440.625,4294330.345,317.590,-28.434,-1.854,979969.415,0.020,2.390
19GY4029,38.78685333,-122.61048400,533737.018,4293182.291,323.630,-24.638,1.472,979971.746,0.010,1.760
19GY4030,38.77866433,-122.63784767,531363.977,4292263.829,389.870,-25.347,0.313,979955.858,0.050,3.270
19GY4031,38.80397817,-122.67226967,528363.891,4295061.518,831.810,-38.923,-12.463,979855.493,0.040,5.860
19GY4032,38.80238483,-122.65605883,529772.191,4294889.882,777.200,-35.825,-9.355,979868.418,0.250,6.580
19GY4033,38.78929133,-122.64151433,531040.856,4293441.804,703.710,-30.051,-4.101,979886.143,0.350,7.850
19GY4034,38.79710817,-122.64811567,530464.187,4294306.978,808.270,-33.622,-7.392,979859.564,0.400,11.090
19GY4035,38.77144617,-122.61604683,533261.040,4291470.585,395.840,-22.139,3.211,979958.982,0.050,1.550
19GY4036,38.75243717,-122.61348367,533492.618,4289362.187,335.520,-22.682,1.818,979968.950,0.000,1.150
19GY4037,38.82698867,-122.58134233,536247.689,4297647.134,362.850,-29.578,-1.848,979962.206,0.060,2.240
19GY4038,38.84887733,-122.61057967,533699.385,4300064.823,469.650,-34.568,-5.908,979938.984,0.020,1.530
19GY4039,38.85778733,-122.62617883,532341.667,4301047.881,460.220,-36.257,-7.187,979939.266,0.040,2.190
19GY4040,38.86807450,-122.62164583,532730.254,4302191.038,451.670,-36.265,-6.795,979942.018,0.010,2.010
19GY4041,38.88963033,-122.60282867,534352.333,4304589.965,422.060,-35.120,-4.910,979951.876,0.010,0.990
19GY4042,38.87845517,-122.60570833,534107.940,4303348.803,431.730,-35.076,-5.266,979948.952,0.000,1.080
19GY4043,38.87008133,-122.60259517,534382.028,4302420.751,523.690,-34.787,-5.357,979929.963,0.040,1.640
19GY4044,38.86079817,-122.57067650,537155.906,4301403.162,509.320,-32.158,-3.288,979934.961,0.020,1.260
19GY4045,38.75541217,-122.62551967,532445.392,4289687.960,335.520,-21.725,2.885,979970.000,0.000,1.320
19GY4046,38.74388500,-122.63162283,531920.225,4288406.697,341.310,-21.182,2.848,979968.104,0.010,1.610
19GY4047,38.74242467,-122.64753700,530537.814,4288239.208,368.450,-21.657,2.193,979961.225,0.010,2.580
19GY4048,38.73411117,-122.64911533,530404.181,4287316.177,360.580,-21.703,1.717,979961.164,0.010,3.400
19GY4049,38.73036750,-122.65813667,529621.618,4286897.797,371.370,-22.462,0.698,979957.415,0.020,3.950
19GY4050,38.73769917,-122.67122933,528480.654,4287707.184,521.750,-24.252,-0.902,979926.605,0.050,4.220
19GY4051,38.76661867,-122.65218867,530123.347,4290922.346,351.120,-24.126,0.904,979964.140,0.020,2.720
19GY4052,38.77535667,-122.68773533,527031.807,4291880.820,401.390,-30.455,-5.235,979946.847,0.030,4.630
19GY4053,38.77471133,-122.70416967,525604.427,4291804.465,459.670,-33.950,-8.930,979930.413,0.040,6.120
19GY4054,38.77493867,-122.67275783,528333.033,4291838.984,380.280,-28.596,-3.286,979952.935,0.020,4.490
19GY4055,38.82537017,-122.69524033,526361.368,4297428.402,1002.640,-45.627,-18.397,979817.829,0.020,5.270
19GY4056,38.83448383,-122.70215367,525757.947,4298437.731,1001.850,-47.321,-19.701,979817.035,0.030,5.330
19GY4057,38.84187250,-122.70322183,525662.572,4299257.323,913.260,-47.011,-19.021,979836.001,0.030,4.670
19GY4058,38.84053267,-122.68622100,527138.531,4299113.578,777.590,-44.496,-16.386,979865.320,0.050,4.300
19GY4059,38.83020250,-122.66974333,528572.746,4297972.317,846.890,-42.743,-15.073,979851.749,0.020,5.150
19GY4060,38.91271050,-122.68180683,527493.712,4307124.270,597.410,-43.655,-12.405,979909.727,0.050,2.360
19GY4061,38.91786550,-122.70525917,525458.528,4307689.478,573.080,-46.666,-15.236,979912.490,0.010,1.800
19GY4062,38.91491533,-122.71584183,524542.090,4307359.192,601.480,-47.622,-16.362,979905.869,0.010,1.650
19GY4063,38.92372050,-122.73131117,523198.051,4308332.218,591.810,-46.866,-15.296,979909.444,0.010,1.500
19GY4064,38.94860667,-122.72671833,523587.914,4311094.974,608.200,-43.206,-10.606,979911.749,0.030,1.850
19GY4065,38.95178517,-122.71292733,524781.890,4311451.362,559.900,-39.137,-6.357,979925.894,0.020,1.500
19GY4066,38.95530200,-122.70459933,525502.272,4311843.925,557.720,-38.763,-5.833,979926.006,0.050,2.500
19GY4067,38.96982967,-122.61239733,533484.621,4313485.984,434.860,-33.339,-0.209,979957.966,0.010,1.270
19GY4068,38.97652317,-122.62528333,532365.234,4314224.086,426.250,-27.141,6.339,979966.829,0.010,0.880
19GY4069,38.96525033,-122.85142183,512778.483,4312916.886,435.310,-37.784,-5.604,979953.418,0.000,0.880
19GY4070,38.95055950,-122.87069267,511111.237,4311284.122,474.700,-36.815,-5.635,979945.337,0.020,0.930
19GY4071,38.93919233,-122.86569450,511546.209,4310023.355,479.980,-34.973,-4.213,979945.062,0.010,1.010
19GY4072,38.92283167,-122.84790517,513091.009,4308210.269,457.060,-40.559,-10.229,979941.670,0.020,1.850
19GY4073,38.91755467,-122.85265650,512680.070,4307624.016,460.650,-38.930,-8.910,979942.391,0.010,1.590
19GY4074,38.91422950,-122.85773800,512240.107,4307254.330,468.790,-37.764,-7.994,979941.652,0.010,1.610
19GY4075,38.91001767,-122.85755467,512256.731,4306786.979,465.680,-36.653,-7.073,979942.739,0.010,1.870
19GY4076,38.90511233,-122.86827583,511327.952,4306241.249,545.280,-35.658,-6.538,979927.407,0.050,2.200
19GY4077,38.89073167,-122.87556717,510697.898,4304644.579,680.250,-35.705,-7.485,979898.711,0.060,3.180
19GY4078,38.89728183,-122.87976883,510332.542,4305370.943,540.180,-35.178,-6.648,979926.932,0.140,3.460
19GY4079,38.89712033,-122.86952417,511220.977,4305354.243,685.620,-36.732,-8.092,979896.858,0.050,3.520
19GY4080,38.89108500,-122.86291600,511795.040,4304685.359,699.080,-37.267,-8.797,979892.697,0.180,3.980
19GY4081,38.92495983,-122.88039217,510274.459,4308442.230,452.690,-31.138,-1.288,979952.354,0.040,1.630
19GY4082,38.96873033,-122.90761633,507909.594,4313296.619,451.860,-22.854,8.436,979964.990,0.010,1.310
19GY4083,38.98733783,-122.99361667,500459.043,4315357.431,671.350,-27.948,2.052,979915.681,0.520,4.250
19GY4084,38.97446717,-123.01344417,498741.581,4313929.256,459.990,-25.781,3.249,979956.371,0.580,5.920
19GY4085,38.97048517,-123.03092683,497226.990,4313487.748,260.050,-24.987,3.493,979998.009,0.010,3.800
19GY4086,38.96136633,-123.02689533,497575.941,4312475.733,287.180,-24.362,3.808,979993.346,0.030,2.980
19GY4087,38.95535117,-123.01810233,498337.645,4311808.053,353.280,-23.684,4.396,979980.726,0.040,2.830
19GY4088,38.96684167,-123.04082667,496369.185,4313083.772,249.410,-27.906,0.144,979998.436,0.000,2.210
19GY4089,38.97359867,-123.03714017,496688.869,4313833.450,263.630,-27.280,1.170,979995.742,0.020,3.350
19GY4090,38.97643867,-123.04862467,495694.176,4314149.069,239.000,-29.246,-0.966,979999.749,0.000,2.440
19GY4091,38.97795217,-123.05824117,494861.275,4314317.509,213.590,-28.783,-0.683,980005.210,0.220,2.540
19GY4092,38.97639033,-123.06970067,493868.508,4314144.891,174.340,-30.218,-2.488,980011.434,0.010,2.410
19GY4093,38.97343000,-123.08410700,492620.286,4313817.440,162.780,-30.765,-3.595,980013.523,0.010,1.770
19GY4094,38.97709517,-123.09834483,491387.351,4314225.395,151.110,-27.815,-0.885,980019.147,0.010,1.700
19GY4095,38.97240817,-123.10190467,491078.408,4313705.623,148.450,-24.451,2.149,980022.696,0.010,1.620
19GY4096,38.97150633,-123.12796883,488820.386,4313608.396,157.780,-19.659,6.121,980025.096,0.060,2.110
19GY4097,38.96203067,-123.14939817,486962.261,4312559.721,174.400,-20.701,4.019,980018.309,0.000,3.770
19GY4098,38.93413367,-122.93322350,505693.999,4309455.551,483.070,-26.593,2.557,979948.341,0.500,5.060
19GY4099,38.94432233,-122.96946567,502552.352,4310584.490,671.080,-24.599,4.051,979917.108,0.050,2.420
19GY4100,38.93684033,-122.98470833,501231.532,4309753.895,684.590,-23.951,3.959,979913.382,0.450,3.490
19GY4101,38.94697083,-122.99053983,500725.992,4310877.988,576.220,-23.767,4.533,979935.588,0.300,3.560
19GY4102,38.94218383,-123.01388067,498703.223,4310346.833,514.380,-23.855,3.655,979946.179,0.300,4.550
19GY4103,38.94520383,-123.02949183,497350.397,4310682.278,348.610,-24.321,3.009,979979.984,0.500,2.950
19GY4104,38.94932067,-123.03943167,496489.198,4311139.442,274.780,-25.131,2.159,979994.035,0.450,2.880
19GY4105,38.95453917,-123.04778133,495765.955,4311718.876,245.130,-26.182,1.128,980000.009,0.030,2.110
19GY4106,38.96035617,-123.05541283,495105.081,4312364.753,238.440,-27.201,0.169,980000.831,0.030,2.090
19GY4107,38.94475200,-123.06089083,494629.297,4310633.489,332.610,-25.595,0.865,979982.507,0.030,2.240
19GY4108,38.94867533,-123.07747533,493192.429,4311069.944,248.740,-24.247,1.983,980000.920,0.030,1.910
19GY4109,38.96856317,-123.07401717,493493.895,4313276.616,169.340,-31.065,-3.835,980011.342,0.010,1.940
19GY4110,38.96096117,-123.06698583,494102.417,4312432.563,179.410,-29.411,-2.311,980010.386,0.010,1.910
19GY4111,39.00094317,-123.08225383,492783.577,4316870.401,257.290,-28.217,0.183,979998.462,0.010,3.350
19GY4112,39.00538833,-123.06303267,494448.338,4317362.349,435.070,-27.753,1.307,979963.696,0.100,4.230
19GY4113,39.00035950,-123.11658617,489810.552,4316808.878,158.020,-25.435,1.955,980021.814,0.020,2.120
19GY4114,38.88539567,-123.05310083,495300.555,4304046.442,135.800,-22.621,1.379,980017.384,0.100,3.540
19GY4115,38.87448667,-123.04425117,496067.532,4302835.495,130.860,-21.412,2.268,980017.834,0.080,4.300
19GY4116,38.85414900,-123.03019317,497286.274,4300578.197,118.000,-19.761,3.279,980019.400,0.250,5.100
19GY4117,38.84530533,-123.01760517,498378.367,4299596.562,136.080,-18.754,4.156,980016.424,0.100,4.770
19GY4118,38.82842783,-122.99706233,500161.184,4297723.590,163.160,-21.748,0.772,980007.400,0.180,4.020
19GY4119,38.88398450,-122.88882000,509549.429,4303894.382,807.580,-32.751,-5.201,979875.576,0.050,3.760
19GY4120,38.81789250,-122.96205867,503200.089,4296555.209,209.720,-24.112,-1.322,979994.321,0.040,4.710
19GY4121,38.81697933,-122.94011117,505105.543,4296454.898,203.770,-25.642,-2.372,979994.482,0.020,4.100
19GY4122,38.81247583,-122.92945133,506031.382,4295955.825,217.280,-26.125,-2.845,979991.292,0.090,3.770
19GY4123,38.82640667,-122.91913867,506925.383,4297502.412,251.380,-28.646,-4.386,979980.870,0.210,6.240
19GY4124,38.83040517,-122.90033600,508557.072,4297947.721,261.680,-32.756,-7.866,979973.550,0.080,7.790
19GY4125,38.72269183,-122.97633283,501963.600,4285990.875,77.400,-19.819,-2.579,980019.341,0.030,1.420
19GY4126,38.73425017,-122.98195267,501474.808,4287273.323,108.450,-20.449,-2.669,980013.738,0.040,1.350
19GY4127,38.74577367,-122.98720233,501018.344,4288551.941,144.940,-21.624,-3.334,980006.654,0.060,1.150
19GY4128,38.75725083,-122.98937067,500829.760,4289825.473,110.600,-23.407,-4.517,980012.701,0.020,1.040
19GY4129,38.76694117,-122.99450717,500383.389,4290900.718,93.690,-23.327,-4.027,980016.769,0.010,1.210
19GY4130,38.78215717,-122.98560083,501156.884,4292589.242,87.680,-22.828,-2.478,980018.855,0.040,2.140
19GY4131,38.80629500,-122.98992917,500780.634,4295267.651,97.990,-21.407,0.153,980018.954,0.010,3.580
19GY4132,38.81511533,-123.00109883,499810.786,4296246.356,92.000,-19.521,2.229,980023.939,0.000,2.430
19GY4133,38.77181300,-123.02084133,498095.666,4291441.511,175.950,-22.099,-3.159,980002.341,0.050,1.230
19GY4134,38.77273983,-123.01013667,499025.608,4291544.199,156.570,-22.689,-3.449,980005.418,0.070,1.430
19GY4135,38.81128333,-123.02060650,498117.053,4295821.337,109.340,-18.837,2.243,980021.648,0.000,1.680
19GY4136,38.80927167,-123.02837633,497442.378,4295598.293,153.130,-18.266,2.504,980012.939,0.220,2.230
19GY4137,38.82644917,-123.03527950,496843.738,4297504.614,111.760,-15.739,5.771,980024.333,0.000,2.960
19GY4138,39.06595150,-122.48455967,544498.977,4324207.555,818.210,-43.196,-10.026,979879.324,0.030,3.580
19GY4139,39.08112700,-122.48017117,544869.015,4325893.765,941.120,-43.873,-10.563,979853.413,0.050,6.100
19GY4140,39.06612817,-122.50669417,542583.917,4324216.537,644.180,-44.517,-10.587,979912.557,0.100,3.090
19GY4141,39.08186867,-122.53218600,540369.523,4325951.623,457.040,-43.811,-8.641,979952.400,0.030,1.940
19GY4142,39.05406617,-122.49148667,543907.067,4322885.251,829.650,-44.948,-11.838,979873.491,0.200,4.370
19GY4143,39.04937600,-122.46809883,545933.838,4322376.354,767.930,-46.242,-13.882,979883.840,0.050,4.390
19GY4144,39.03578717,-122.45609617,546981.502,4320874.531,671.410,-46.225,-14.485,979903.257,0.030,2.670
19GY4145,39.02752533,-122.49833567,543330.674,4319936.700,694.320,-43.599,-10.889,979900.171,0.050,3.170
19GY4146,39.04097400,-122.49724683,543416.678,4321429.629,741.490,-44.692,-11.712,979891.370,0.050,2.840
19GY4147,39.03393717,-122.51279317,542075.404,4320641.425,641.560,-45.332,-12.062,979909.575,0.030,2.920
19GY4148,39.02746833,-122.56578083,537492.569,4319900.350,331.420,-49.534,-15.094,979965.826,0.020,2.530
19GY4149,39.03577367,-122.55311133,538584.729,4320827.307,354.420,-51.220,-16.810,979958.880,0.040,4.030
18GY2026,38.76902367,-122.74928933,521686.688,4291161.627,759.870,-37.077,-13.047,979869.910,0.030,4.280
18GY2001,38.77849250,-122.74348467,522188.023,4292213.734,836.770,-37.480,-12.920,979853.605,0.040,5.970
18GY2002,38.78103417,-122.74475467,522076.919,4292495.462,912.870,-37.632,-12.992,979837.223,0.200,7.530
18GY2003,38.77750400,-122.74770433,521821.790,4292103.025,806.360,-37.956,-13.486,979859.533,0.050,5.430
18GY2004,38.77777567,-122.74976267,521642.910,4292132.680,813.180,-38.412,-13.952,979857.706,0.130,5.490
18GY2005,38.77504550,-122.75248767,521407.024,4291829.083,737.220,-38.447,-14.127,979872.994,0.030,4.790
18GY2006,38.77850217,-122.76499883,520319.221,4292209.786,714.810,-37.310,-12.960,979877.920,0.040,5.690
18GY2007,38.78061900,-122.76156217,520617.130,4292445.453,809.520,-38.424,-13.964,979858.522,0.020,5.630
18GY2008,38.77799567,-122.75528083,521163.513,4292155.796,852.230,-38.214,-13.834,979849.931,0.010,5.840
18GY2009,38.78320083,-122.76280717,520508.245,4292731.665,799.010,-38.498,-13.908,979860.392,0.050,5.970
18GY2010,38.78621583,-122.77468350,519475.867,4293063.617,608.900,-40.346,-15.666,979895.833,0.000,6.140
18GY2011,38.78821583,-122.77777517,519206.803,4293284.891,604.250,-40.424,-15.664,979897.230,0.010,5.750
18GY2012,38.79112600,-122.78262817,518784.544,4293606.805,643.050,-39.956,-15.136,979890.656,0.040,5.460
18GY2013,38.79319267,-122.78541650,518541.844,4293835.562,675.240,-39.684,-14.824,979884.854,0.020,5.420
18GY2014,38.79567450,-122.77871333,519123.320,4294112.347,815.010,-38.605,-13.585,979857.606,0.040,6.620
18GY2015,38.79647800,-122.77286867,519630.665,4294202.752,896.890,-38.142,-13.042,979840.725,0.200,8.010
18GY2016,38.79641633,-122.76241567,520538.440,4294198.215,975.300,-38.102,-12.902,979826.320,0.030,7.100
18GY2017,38.79444800,-122.75928083,520811.251,4293980.511,975.290,-37.656,-12.526,979827.103,0.010,6.590
18GY2018,38.79874667,-122.75861917,520867.453,4294457.666,974.000,-38.656,-13.296,979825.566,0.020,7.760
18GY2019,38.80262333,-122.75822750,520900.328,4294887.931,1091.970,-38.394,-12.894,979799.750,0.420,11.080
18GY2020,38.79153450,-122.76356383,520440.132,4293656.243,935.300,-37.189,-12.239,979834.512,0.130,7.220
18GY2021,38.78814100,-122.76708717,520135.097,4293278.897,884.450,-38.166,-13.416,979842.539,0.030,7.870
18GY2022,38.78593933,-122.75894233,520843.136,4293036.421,1007.700,-37.394,-12.724,979816.588,0.060,10.270
18GY2023,38.77253400,-122.74000133,522492.478,4291553.402,940.370,-36.986,-12.766,979832.885,0.040,6.380
18GY2024,38.77062217,-122.74785600,521810.720,4291339.346,774.040,-37.757,-13.637,979866.639,0.060,4.240
18GY2025,38.76547683,-122.75095917,521542.692,4290767.656,826.280,-36.348,-12.578,979856.491,0.160,5.120
18GY2027,38.77552250,-122.73266017,523129.242,4291886.859,989.020,-36.132,-11.672,979823.598,0.070,7.260
18GY2028,38.78168100,-122.73826483,522640.425,4292568.830,1020.980,-37.169,-12.479,979816.367,0.030,7.740
18GY2029,38.78457933,-122.74101483,522400.650,4292889.764,1083.970,-37.405,-12.625,979802.242,0.050,9.550
18GY2030,38.78874617,-122.74343800,522188.886,4293351.546,1095.210,-37.530,-12.570,979801.013,0.060,8.820
18GY2031,38.78964633,-122.74308300,522219.437,4293451.519,1094.720,-37.841,-12.831,979800.678,0.080,9.020
18GY2032,38.79315150,-122.74271300,522250.478,4293840.562,1117.110,-37.775,-12.605,979795.798,0.040,9.890
18GY2033,38.79100800,-122.74666617,521907.820,4293601.749,1148.280,-37.194,-12.194,979789.014,0.200,10.960
18GY2034,38.78884783,-122.75056433,521569.924,4293361.114,1141.920,-37.169,-12.319,979790.305,0.020,10.750
18GY2035,38.78772283,-122.74679783,521897.395,4293237.177,1195.610,-37.199,-12.399,979776.058,0.050,14.350
18GY2036,38.78751633,-122.73891317,522582.262,4293216.188,1031.930,-37.089,-12.109,979814.948,0.030,7.610
18GY2037,38.79077817,-122.73371683,523032.525,4293579.441,935.290,-36.972,-11.692,979835.174,0.020,6.710
18GY2038,38.79472000,-122.73474017,522942.381,4294016.589,1024.310,-37.893,-12.483,979814.933,0.020,8.950
18GY2039,38.81347050,-122.76962550,519907.556,4296089.039,1085.410,-39.530,-13.630,979803.816,0.020,8.120
18GY2040,38.81423050,-122.76351917,520437.497,4296174.727,1126.700,-40.361,-14.361,979793.966,0.100,9.120
18GY2041,38.81295383,-122.75600767,521090.026,4296034.774,1227.010,-42.610,-16.660,979769.533,0.020,11.540
18GY2042,38.80740033,-122.75319933,521335.515,4295419.181,1283.380,-42.325,-16.645,979757.002,0.030,12.820
18GY2043,38.80973217,-122.75106783,521519.886,4295678.437,1256.010,-43.131,-17.281,979763.325,0.030,11.260
18GY2044,38.80908367,-122.74845967,521746.539,4295607.095,1305.140,-43.991,-18.181,979750.911,0.050,13.130
18GY2045,38.81266717,-122.75177283,521457.789,4296003.955,1228.600,-43.155,-17.155,979769.091,0.040,11.100
18GY2046,38.81288383,-122.74765967,521814.837,4296028.974,1247.830,-44.592,-18.552,979763.346,0.060,11.660
18GY2047,38.81129567,-122.74268483,522247.258,4295853.947,1349.900,-46.258,-20.298,979737.327,0.040,15.870
18GY2048,38.80786067,-122.73427017,522978.959,4295474.870,1428.920,-46.465,-20.635,979715.567,0.020,21.630
18GY2049,38.81582067,-122.74714133,521858.938,4296354.987,1193.030,-44.462,-18.232,979775.571,0.020,10.560
18GY2050,38.81917267,-122.74608317,521949.773,4296727.200,1118.920,-44.491,-18.041,979791.896,0.070,9.020
18GY2051,38.82289617,-122.74532817,522014.166,4297140.564,1047.290,-43.647,-16.967,979808.417,0.050,7.700
18GY2052,38.82598117,-122.75058300,521557.061,4297481.636,916.900,-41.500,-14.650,979838.706,0.040,5.360
18GY2053,38.82098917,-122.75341783,521312.475,4296927.026,954.790,-41.253,-14.693,979830.014,0.080,6.440
18GY2054,38.81807417,-122.75621433,521070.568,4296602.909,1038.910,-41.083,-14.743,979811.546,0.120,8.350
18GY2055,38.81651733,-122.75907417,520822.745,4296429.495,1059.720,-40.847,-14.647,979807.840,0.050,8.080
18GY2056,38.81480383,-122.77458867,519476.283,4296235.919,1061.700,-37.640,-11.720,979811.368,0.040,7.220
18GY2057,38.81461867,-122.78044850,518967.584,4296214.134,1085.650,-38.206,-12.386,979803.955,0.080,9.360
18GY2058,38.81248367,-122.78689983,518408.034,4295975.897,1059.390,-38.858,-13.218,979808.367,0.040,9.250
18GY2059,38.81237850,-122.79236133,517933.880,4295963.135,1022.720,-39.411,-13.841,979815.806,0.030,8.430
18GY2060,38.81321183,-122.79615283,517604.486,4296054.865,976.580,-39.704,-14.124,979825.700,0.020,7.350
18GY2061,38.81719367,-122.81280400,516157.902,4296493.621,950.450,-40.606,-15.076,979828.105,0.100,9.510
18GY2062,38.81953033,-122.81576717,515900.127,4296752.388,936.020,-41.526,-15.926,979831.367,0.030,8.360
18GY2063,38.81940367,-122.82316200,515258.180,4296737.065,902.880,-41.166,-15.676,979838.543,0.020,8.020
18GY2064,38.81993367,-122.82665017,514955.247,4296795.296,879.660,-41.153,-15.673,979843.898,0.020,7.270
18GY2065,38.82601883,-122.84688783,513197.218,4297467.404,836.220,-39.163,-13.713,979854.227,0.020,7.970
18GY2066,38.82588367,-122.85085767,512852.637,4297451.836,775.550,-38.641,-13.241,979867.880,0.050,6.700
18GY2067,38.82962883,-122.85122767,512819.842,4297867.368,718.310,-39.635,-14.015,979879.496,0.200,5.620
18GY2068,38.83166733,-122.84608967,513265.447,4298094.311,687.450,-40.295,-14.455,979885.334,0.200,5.340
18GY2069,38.83314750,-122.84139483,513672.670,4298259.256,644.960,-40.979,-14.939,979893.822,0.020,4.610
18GY2070,38.83276583,-122.83714167,514041.908,4298217.553,580.150,-42.024,-15.894,979905.419,0.020,4.610
18GY2071,38.83379267,-122.83181683,514503.882,4298332.335,551.070,-42.825,-16.525,979910.175,0.050,4.830
18GY2072,38.83752600,-122.83518333,514210.934,4298746.076,607.920,-42.523,-16.123,979900.139,0.100,4.380
18GY2073,38.83947617,-122.83539000,514192.607,4298962.446,647.660,-42.456,-15.986,979892.676,0.020,4.310
18GY2074,38.84080467,-122.83027367,514636.377,4299110.677,713.990,-43.401,-16.811,979879.082,0.030,4.100
18GY2075,38.84354633,-122.82800533,514832.669,4299415.277,758.820,-43.360,-16.620,979870.625,0.010,4.070
18GY2076,38.84788317,-122.83166017,514514.598,4299895.929,740.160,-42.797,-15.887,979874.252,0.050,5.040
18GY2077,38.84924817,-122.83554017,514177.622,4300046.785,687.270,-42.406,-15.466,979885.141,0.020,5.010
18GY2078,38.84770817,-122.84296817,513533.331,4299874.762,703.990,-42.012,-15.292,979882.368,0.020,4.770
18GY2079,38.84514783,-122.85040617,512888.330,4299589.568,598.290,-41.132,-14.622,979904.026,0.040,4.440
18GY2080,38.84274950,-122.85458933,512525.728,4299322.848,523.020,-40.532,-14.172,979918.764,0.050,4.810
18GY2081,38.84055267,-122.85935917,512112.150,4299078.426,446.120,-39.646,-13.446,979931.841,0.300,7.460
18GY2082,38.83860417,-122.86263900,511827.824,4298861.775,435.970,-38.888,-12.848,979934.851,0.270,7.020
18GY2083,38.83741917,-122.86948383,511233.945,4298729.410,444.390,-37.431,-11.591,979935.777,0.100,5.800
18GY2084,38.83608900,-122.87261867,510962.072,4298581.422,395.710,-36.380,-10.660,979944.396,0.600,7.630
18GY2085,38.83207883,-122.87294867,510934.049,4298136.389,378.540,-36.513,-11.003,979948.915,0.210,5.980
18GY2086,38.82851200,-122.87624017,510648.887,4297740.201,394.740,-36.125,-10.875,979946.771,0.230,5.030
18GY2087,38.82912200,-122.88014667,510309.703,4297807.438,444.600,-35.857,-10.687,979937.597,0.230,4.780
18GY2088,38.83122533,-122.88160000,510183.249,4298040.671,524.030,-36.135,-10.935,979922.375,0.020,4.380
18GY2089,38.83379383,-122.88124000,510214.126,4298325.728,567.060,-35.776,-10.456,979914.877,0.030,4.050
18GY2090,38.82699517,-122.88200483,510148.716,4297571.222,353.340,-34.857,-9.797,979955.587,0.240,5.440
18GY2091,38.82680183,-122.88785133,509641.239,4297549.129,304.390,-34.138,-9.188,979965.235,0.100,6.060
18GY2092,38.82443667,-122.88368483,510003.245,4297287.129,269.260,-34.335,-9.395,979970.313,0.080,7.440
18GY2093,38.84268633,-122.82430033,515154.390,4299320.458,790.140,-43.074,-16.334,979864.217,0.030,4.560
18GY2094,38.84050967,-122.82031383,515500.836,4299079.595,858.370,-43.467,-16.807,979849.248,0.050,5.590
18GY2095,38.84052283,-122.81521233,515943.584,4299081.939,902.200,-43.166,-16.446,979840.892,0.030,5.670
18GY2096,38.83744950,-122.81421917,516030.472,4298741.078,909.860,-42.696,-16.126,979838.251,0.050,7.010
18GY2097,38.83792783,-122.80866267,516512.621,4298795.152,925.900,-42.748,-16.078,979836.562,0.010,5.550
18GY2098,38.83492433,-122.80677267,516677.361,4298462.210,862.710,-42.768,-16.178,979848.585,0.160,5.610
18GY2099,38.83282600,-122.80468617,516858.957,4298229.752,789.280,-43.191,-16.631,979863.567,0.010,4.390
18GY2100,38.83016417,-122.80978583,516416.933,4297933.445,679.860,-43.516,-17.096,979884.435,0.040,4.370
18GY2101,38.82745417,-122.80726933,516636.002,4297633.185,679.110,-43.299,-16.979,979884.749,0.030,4.180
18GY2102,38.82855417,-122.79788133,517450.650,4297757.008,862.470,-43.333,-16.933,979847.684,0.020,5.430
18GY2103,38.82409417,-122.79216483,517947.984,4297263.213,853.220,-43.153,-16.893,979849.980,0.030,4.730
18GY2104,38.82571733,-122.80338933,516973.217,4297441.172,706.570,-43.270,-17.000,979879.373,0.020,4.060
18GY2105,38.82343233,-122.80777267,516593.249,4297186.806,675.490,-43.080,-16.990,979883.801,0.020,5.700
18GY2106,38.80117317,-122.77119717,519774.517,4294724.115,771.550,-38.420,-12.980,979867.031,0.030,6.370
18GY2107,38.80830667,-122.79116633,518038.665,4295511.538,981.650,-39.262,-13.862,979824.106,0.130,7.960
18GY2108,38.80438317,-122.79157467,518004.202,4295076.084,915.960,-39.192,-13.972,979837.100,0.030,7.550
18GY2109,38.80470983,-122.78664650,518432.041,4295113.319,846.660,-39.246,-13.886,979852.259,0.180,5.930
18GY2110,38.80577833,-122.78238167,518802.082,4295232.759,861.090,-38.368,-12.908,979850.487,0.060,5.850
18GY2111,38.80493333,-122.77660017,519304.322,4295140.203,866.870,-38.003,-12.493,979849.546,0.040,5.950
18GY2112,38.80566833,-122.77863517,519127.422,4295221.333,889.850,-38.458,-12.958,979844.008,0.090,6.600
18GY2113,38.80186633,-122.79048133,518099.779,4294797.019,882.530,-39.426,-14.306,979842.107,0.100,8.630
18GY2114,38.80652667,-122.79024983,518118.695,4295314.202,942.460,-38.943,-13.603,979832.871,0.030,7.030
18GY2115,38.81059350,-122.79443633,517754.168,4295764.654,999.310,-39.609,-14.149,979819.654,0.090,8.810
18GY2116,38.80770667,-122.79508967,517698.160,4295444.188,917.020,-39.245,-13.905,979837.313,0.030,7.370
18GY2117,38.81244517,-122.80333267,516981.304,4295968.427,856.620,-40.163,-14.673,979849.736,0.040,6.270
18GY2118,38.81505700,-122.79733617,517501.293,4296259.388,963.550,-40.299,-14.649,979827.639,0.070,7.530
18GY2119,38.81547517,-122.81511733,515957.452,4296302.518,853.310,-40.494,-15.044,979849.820,0.050,6.770
18GY2120,38.81950683,-122.82951833,514706.341,4296747.463,893.630,-40.178,-14.788,979840.071,0.030,9.300
18GY2121,38.82249867,-122.83817650,513954.104,4297078.089,866.580,-39.713,-14.313,979846.204,0.050,9.190
18GY2122,38.82446533,-122.84137967,513675.658,4297295.834,870.280,-39.811,-14.361,979845.306,0.080,9.440
18GY2123,38.82182200,-122.83332500,514375.401,4297003.759,826.930,-40.484,-15.004,979855.964,0.060,6.360
18GY2124,38.81343867,-122.78278833,518764.752,4296082.709,1080.750,-38.114,-12.384,979804.642,0.030,9.620
18GY2125,38.79842317,-122.77443033,519494.515,4294418.263,776.490,-38.274,-13.014,979866.507,0.020,5.830
18GY2126,38.80047817,-122.76863717,519997.013,4294647.554,826.540,-37.979,-12.559,979856.910,0.020,6.110
19GY2183,38.84749883,-122.73891867,522562.773,4299872.198,850.020,-51.324,-23.274,979845.734,0.030,3.500
19GY2184,38.84882417,-122.72756750,523547.388,4300022.143,947.740,-50.537,-22.387,979826.319,0.060,4.690
19GY2245,38.74987533,-122.82841633,514816.504,4289020.975,648.840,-23.162,-1.472,979902.395,0.040,5.740
19GY2246,38.75830250,-122.82432317,515170.398,4289956.767,695.770,-26.591,-4.361,979889.840,0.030,6.430
19GY2127,38.94410017,-122.65227183,530041.136,4310616.873,419.830,-33.432,-0.952,979957.345,0.080,2.460
19GY2128,38.93774333,-122.65446483,529853.759,4309910.741,451.440,-35.127,-2.877,979948.699,0.040,2.670
19GY2129,38.92942467,-122.65618150,529708.455,4308987.071,564.610,-38.334,-6.464,979923.460,0.020,1.840
19GY2130,38.92497617,-122.65936783,529434.107,4308492.393,556.760,-39.210,-7.490,979923.855,0.020,1.710
19GY2131,38.91989933,-122.66264933,529151.731,4307927.968,560.410,-42.008,-10.488,979919.355,0.030,2.250
19GY2132,38.90965900,-122.64833500,530397.051,4306796.307,536.380,-40.374,-9.264,979925.563,0.030,1.470
19GY2133,38.90834367,-122.67135567,528401.581,4306642.905,643.710,-41.869,-10.829,979902.521,0.060,1.910
19GY2134,38.90644200,-122.67978350,527671.578,4306429.282,649.050,-43.949,-12.979,979899.499,0.020,1.640
19GY2135,38.89683133,-122.69663100,526214.305,4305357.817,748.650,-47.920,-17.440,979874.254,0.020,2.580
19GY2136,38.89108433,-122.70983183,525071.556,4304716.364,816.190,-50.829,-20.669,979857.320,0.020,2.880
19GY2137,38.88953917,-122.72611967,523659.475,4304540.536,788.810,-52.796,-22.756,979860.654,0.000,2.800
19GY2138,38.87666533,-122.72700933,523586.589,4303111.731,797.460,-53.950,-24.480,979856.480,0.020,2.990
19GY2139,38.86375483,-122.71755317,524411.291,4301681.588,854.380,-53.739,-24.809,979844.181,0.010,3.220
19GY2140,38.85382767,-122.72194783,524033.363,4300578.834,869.500,-48.177,-19.727,979846.087,0.020,3.040
19GY2141,38.85568767,-122.73601050,522812.517,4300781.611,865.800,-49.242,-20.802,979845.310,0.040,3.640
19GY2142,38.85767767,-122.74726500,521835.353,4300999.671,813.460,-49.754,-21.294,979855.848,0.080,3.010
19GY2143,38.85775583,-122.75420467,521233.192,4301006.701,761.160,-49.542,-21.122,979866.760,0.050,2.550
19GY2144,38.85308900,-122.75969783,520757.927,4300487.571,700.210,-45.758,-17.558,979881.967,0.020,2.640
19GY2145,38.91253317,-122.75877500,520820.571,4307084.129,721.880,-53.070,-22.240,979876.399,0.010,1.910
19GY2146,38.91822850,-122.74749217,521797.052,4307718.774,641.700,-50.924,-19.724,979894.713,0.020,1.930
19GY2147,38.92554050,-122.74295567,522188.052,4308531.270,595.730,-48.729,-17.149,979906.925,0.010,1.550
19GY2148,38.93866767,-122.73802617,522611.180,4309989.183,567.220,-47.046,-14.886,979915.464,0.020,1.430
19GY2149,38.94965817,-122.73194483,523134.658,4311210.313,570.960,-43.488,-10.858,979918.933,0.030,1.760
19GY2150,38.95412850,-122.72574017,523670.834,4311707.978,528.980,-40.111,-7.251,979930.834,0.010,1.840
19GY2151,38.95599867,-122.71590883,524522.076,4311918.118,536.890,-38.573,-5.613,979931.111,0.040,1.720
19GY2152,38.96188550,-122.70881267,525134.856,4312573.312,509.320,-39.381,-6.161,979936.104,0.030,1.830
19GY2153,38.94517633,-122.73392300,522964.690,4310712.468,554.170,-44.656,-12.196,979920.852,0.030,1.560
19GY2154,38.94217117,-122.78563583,518483.983,4310367.180,551.510,-48.536,-16.576,979916.877,0.020,1.910
19GY2155,38.94371267,-122.79771717,517436.577,4310535.845,543.420,-47.777,-15.887,979919.334,0.010,1.930
19GY2156,38.94269767,-122.80839333,516511.587,4310421.213,515.650,-46.793,-15.043,979925.928,0.020,1.660
19GY2157,38.94481283,-122.81417817,516009.771,4310654.891,514.980,-46.064,-14.284,979927.195,0.020,1.440
19GY2158,38.94729117,-122.82070283,515443.793,4310928.775,498.280,-44.802,-12.992,979931.992,0.030,1.390
19GY2159,38.94972633,-122.82490433,515079.179,4311198.293,490.900,-43.009,-11.149,979935.502,0.020,1.330
19GY2160,38.95685667,-122.82635617,514951.861,4311989.294,497.130,-43.054,-10.914,979934.800,0.030,1.400
19GY2161,38.96569533,-122.82768617,514834.766,4312969.888,448.540,-41.934,-9.394,979946.250,0.040,1.350
19GY2162,38.97157900,-122.82865783,514749.357,4313622.633,432.640,-41.610,-8.830,979950.324,0.000,1.230
19GY2163,38.97350233,-122.83183767,514473.498,4313835.549,425.200,-40.431,-7.591,979953.247,0.000,1.110
19GY2164,38.97470583,-122.83728917,514001.014,4313968.242,424.120,-38.504,-5.694,979955.581,0.010,1.020
19GY2165,38.97864267,-122.84652533,513200.195,4314403.720,434.990,-37.057,-4.207,979955.381,0.010,0.890
19GY2166,38.96172183,-122.82715433,514881.679,4312529.042,462.880,-41.883,-9.523,979943.067,0.030,1.430
19GY2167,38.93803083,-122.81342133,516076.900,4309902.439,532.770,-47.480,-16.000,979921.591,0.000,1.550
19GY2168,38.93168050,-122.80758667,516584.076,4309198.806,551.820,-50.371,-19.111,979914.303,0.000,1.660
19GY2169,38.92620367,-122.80455167,516848.445,4308591.613,550.090,-49.984,-18.924,979913.865,0.040,2.340
19GY2170,38.91793167,-122.80306833,516979.009,4307673.964,628.210,-49.572,-18.902,979897.757,0.020,2.850
19GY2171,38.84878217,-122.75570117,521106.008,4300010.577,715.240,-45.824,-17.804,979878.660,0.020,2.560
19GY2172,38.83402500,-122.73662867,522765.809,4298377.627,727.850,-44.565,-17.055,979874.888,0.030,3.820
19GY2173,38.82870483,-122.72798233,523518.037,4297789.467,754.100,-43.870,-16.560,979869.137,0.000,4.660
19GY2174,38.82790833,-122.71973433,524234.257,4297703.246,784.810,-45.494,-18.174,979862.014,0.050,4.080
19GY2175,38.82318633,-122.71975433,524234.128,4297179.259,766.670,-43.030,-15.930,979866.880,0.000,4.810
19GY2176,38.81473783,-122.71075300,525018.496,4296244.197,788.170,-42.305,-15.545,979863.012,0.010,4.450
19GY2177,38.80879933,-122.70872967,525196.261,4295585.784,777.770,-40.333,-13.843,979865.855,0.060,5.090
19GY2178,38.80352083,-122.70982300,525103.189,4294999.750,839.940,-39.082,-12.892,979853.163,0.060,6.400
19GY2179,38.80210900,-122.71212950,524903.401,4294842.452,804.680,-39.567,-13.437,979859.743,0.050,6.110
19GY2180,38.81658483,-122.69519867,526368.236,4296453.539,964.710,-44.624,-17.774,979825.572,0.010,5.180
19GY2181,38.82021800,-122.71740617,524438.989,4296850.503,777.130,-42.218,-15.248,979865.243,0.000,4.950
19GY2182,38.83398033,-122.71706450,524463.922,4298377.747,918.380,-49.330,-21.770,979832.213,0.010,4.440
19GY2185,38.85087433,-122.71854783,524329.399,4300252.015,907.800,-47.843,-19.513,979837.943,0.040,3.760
19GY2186,38.89850767,-122.74196717,522282.226,4305531.741,744.440,-55.215,-24.865,979867.080,0.000,3.430
19GY2187,38.90902150,-122.73837733,522590.184,4306699.322,715.440,-51.656,-20.816,979877.763,0.000,2.910
19GY2188,38.91088850,-122.71782683,524371.377,4306911.809,599.550,-48.743,-17.653,979904.619,0.000,1.800
19GY2189,38.91298533,-122.71177217,524895.599,4307146.131,601.710,-48.305,-17.115,979904.950,0.020,1.670
19GY2190,38.91955717,-122.72036333,524148.506,4307873.075,588.550,-46.681,-15.241,979909.399,0.020,2.000
19GY2191,38.93690717,-122.90231467,508372.674,4309765.737,466.830,-27.199,2.751,979954.935,0.000,1.280
19GY2192,38.94783767,-122.90148817,508442.997,4310978.751,438.640,-24.590,5.890,979964.021,0.010,1.280
19GY2193,38.99020000,-122.68612233,527089.940,4315721.873,430.640,-33.519,0.851,979959.782,0.020,1.900
19GY2194,38.83067767,-122.80363933,516950.333,4297991.555,726.610,-43.356,-16.846,979875.524,0.060,4.340
19GY2195,38.84496633,-122.82588217,515016.627,4299573.198,788.570,-43.140,-16.310,979864.919,0.040,4.300
19GY2196,38.84915167,-122.82583717,515019.646,4300037.637,886.130,-43.265,-16.275,979845.081,0.040,5.290
19GY2197,38.85142017,-122.82088733,515448.689,4300290.195,963.510,-41.926,-14.796,979831.083,0.010,5.680
19GY2198,38.85496183,-122.82290717,515272.655,4300682.859,996.450,-40.721,-13.471,979824.641,0.040,7.190
19GY2199,38.84928167,-122.81812417,515688.935,4300053.367,981.650,-42.972,-15.912,979825.396,0.020,6.580
19GY2200,38.85167017,-122.82606717,514999.155,4300317.068,923.660,-42.430,-15.340,979838.492,0.020,5.590
19GY2201,38.84709150,-122.82536533,515061.029,4299809.106,847.890,-43.292,-16.382,979852.846,0.060,4.800
19GY2202,38.83934967,-122.82505867,515089.286,4298950.075,766.440,-43.245,-16.665,979868.208,0.070,4.740
19GY2203,38.83551933,-122.81995550,515533.026,4298525.898,751.970,-43.223,-16.753,979870.483,0.030,4.980
19GY2204,38.83234433,-122.81183417,516238.638,4298175.001,729.550,-43.463,-17.003,979874.499,0.060,4.830
19GY2205,38.83404933,-122.81698900,515790.828,4298363.289,767.790,-43.458,-17.018,979866.983,0.030,5.020
19GY2206,38.83860117,-122.82133383,515412.726,4298867.643,776.720,-43.231,-16.631,979866.115,0.050,4.770
19GY2207,38.83567100,-122.82459033,515130.717,4298541.945,661.850,-43.530,-17.070,979888.400,0.030,4.400
19GY2208,38.83781117,-122.82631867,514980.255,4298779.145,706.730,-43.358,-16.848,979880.101,0.040,4.280
19GY2209,38.83591600,-122.83243333,514449.940,4298567.854,580.480,-43.303,-16.923,979904.733,0.040,4.230
19GY2210,38.83054917,-122.82829517,514810.226,4297972.985,580.370,-42.525,-16.355,979904.309,0.120,4.980
19GY2211,38.82858567,-122.83196833,514491.795,4297754.511,712.810,-42.575,-16.645,979878.040,0.060,5.120
19GY2212,38.82739883,-122.83561667,514175.346,4297622.236,749.720,-41.988,-16.208,979871.771,0.020,4.650
19GY2213,38.82626383,-122.83901483,513880.593,4297495.765,769.840,-41.084,-15.434,979868.448,0.030,4.840
19GY2214,38.82300517,-122.85229100,512728.731,4297132.218,718.780,-39.096,-13.846,979877.678,0.040,7.300
19GY2215,38.82389367,-122.85557583,512443.421,4297230.356,658.410,-39.189,-13.919,979890.594,0.050,6.180
19GY2216,38.82089183,-122.85526250,512471.148,4296897.297,591.910,-38.924,-13.774,979904.370,0.050,5.410
19GY2217,38.81792333,-122.85566083,512437.089,4296567.841,508.680,-38.765,-13.735,979920.772,0.050,5.180
19GY2218,38.81930500,-122.85945233,512107.691,4296720.646,467.110,-38.299,-13.249,979928.937,0.080,5.730
19GY2219,38.84640133,-122.85754267,512268.789,4299727.674,565.030,-39.947,-13.487,979911.007,0.030,5.260
19GY2220,38.84918133,-122.85818433,512212.626,4300036.073,602.880,-40.251,-13.691,979903.277,0.080,5.530
19GY2221,38.82486517,-122.87547850,510715.554,4297335.617,298.280,-35.711,-10.591,979964.574,0.050,6.170
19GY2222,38.82251333,-122.87402850,510841.784,4297074.815,300.560,-35.630,-10.610,979963.812,0.070,6.360
19GY2223,38.82192017,-122.86970533,511217.173,4297009.521,298.290,-36.457,-11.387,979962.706,0.070,7.030
19GY2224,38.82085167,-122.86680217,511469.372,4296891.318,328.700,-36.764,-11.704,979957.332,0.060,6.060
19GY2225,38.82282517,-122.86415067,511699.229,4297110.647,385.760,-37.665,-12.475,979945.664,0.060,5.850
19GY2226,38.82134833,-122.86119067,511956.434,4296947.155,428.550,-37.969,-12.819,979936.876,0.060,5.840
19GY2227,38.82425683,-122.87846333,510456.539,4297267.763,279.900,-34.988,-9.958,979967.815,0.050,7.190
19GY2228,38.82725100,-122.77533033,519408.497,4297616.972,970.460,-41.639,-15.049,979827.823,0.040,5.730
19GY2229,38.82878633,-122.74698633,521868.412,4297793.772,874.330,-42.282,-15.222,979846.514,0.040,5.350
19GY2230,38.83323983,-122.74311167,522203.354,4298288.898,770.030,-43.130,-15.740,979868.061,0.030,3.760
19GY2231,38.83022783,-122.77425717,519500.836,4297947.528,941.560,-42.579,-15.809,979833.424,0.020,5.110
19GY2232,38.83123283,-122.76952733,519911.109,4298060.074,916.740,-42.524,-15.624,979838.997,0.050,4.540
19GY2233,38.83554317,-122.76253267,520517.000,4298539.930,803.550,-42.728,-15.458,979862.977,0.030,2.890
19GY2234,38.83177967,-122.76390917,520398.607,4298122.000,881.780,-42.175,-15.155,979846.557,0.020,4.220
19GY2235,38.83385950,-122.79207150,517953.620,4298346.851,948.640,-42.815,-16.115,979831.653,0.020,5.580
19GY2236,38.83774967,-122.78685833,518405.098,4298779.571,942.410,-41.070,-14.100,979835.392,0.060,5.150
19GY2237,38.84212983,-122.78288683,518748.636,4299266.432,861.020,-42.215,-14.915,979851.995,0.010,3.720
19GY2238,38.84091817,-122.77842717,519136.000,4299132.908,778.500,-42.718,-15.368,979868.274,0.020,2.980
19GY2239,38.83954650,-122.78519850,518548.689,4298979.296,888.040,-40.606,-13.486,979847.597,0.060,4.210
19GY2240,38.83687467,-122.79060167,518080.429,4298681.724,943.960,-42.104,-15.224,979834.087,0.040,5.040
19GY2241,38.77799683,-122.81417700,516047.541,4292143.886,806.450,-35.176,-11.696,979862.029,0.050,5.740
19GY2242,38.77616333,-122.82146183,515415.147,4291939.171,822.860,-34.117,-10.887,979859.165,0.060,6.290
19GY2243,38.73132683,-122.82665667,514973.312,4286963.043,606.860,-22.058,-1.398,979910.603,0.040,5.210
19GY2244,38.74140183,-122.83148300,514551.746,4288080.224,609.960,-23.225,-2.065,979910.179,0.040,4.750
19GY2247,38.76442783,-122.81540517,515943.895,4290637.987,571.310,-31.328,-8.528,979910.298,0.020,6.120
19GY2248,38.76804300,-122.81120033,516308.386,4291039.889,726.350,-33.068,-10.068,979879.411,0.030,5.260
19GY2249,38.78732050,-122.82374517,515214.416,4293176.843,756.930,-36.735,-12.895,979871.343,0.020,5.380
19GY2250,38.79377417,-122.82658167,514966.700,4293892.505,725.060,-37.450,-13.280,979877.954,0.030,4.860
19GY2251,38.79876100,-122.82111683,515440.212,4294446.784,623.860,-38.497,-13.887,979896.773,0.030,5.230
19GY2252,38.76388333,-122.75253733,521406.060,4290590.461,875.350,-35.695,-12.065,979846.969,0.050,5.550
19GY2253,38.76063317,-122.75362083,521312.895,4290229.554,939.650,-35.010,-11.600,979834.141,0.040,6.190
19GY2254,38.76071983,-122.75666900,521048.028,4290238.462,980.070,-35.028,-11.688,979824.637,0.030,7.770
19GY2255,38.76821183,-122.76066717,520698.472,4291068.894,867.840,-36.127,-12.367,979848.380,0.060,5.560
19GY2256,38.77100017,-122.76159383,520617.161,4291378.092,839.210,-36.307,-12.397,979854.589,0.070,5.020
19GY2257,38.76785833,-122.76639700,520200.787,4291028.382,922.310,-35.703,-12.073,979836.880,0.050,6.790
19GY2258,38.76144883,-122.72380367,523903.297,4290327.460,931.040,-35.535,-11.685,979836.123,0.030,5.440
19GY2259,38.76581217,-122.72863850,523481.790,4290810.381,1012.130,-36.255,-12.275,979817.583,0.050,7.770
19GY2260,38.77006567,-122.72629367,523684.095,4291282.977,1018.930,-34.888,-10.668,979816.443,0.070,9.320
